150 300 20
195 20
3 63 128 
86 93 66 
142 38 111 
143 128 118 
71 32 126 
89 132 58 
118 63 65 
14 67 82 
60 105 64 
149 30 114 
6 74 64 
89 1 50 
84 32 95 
83 18 86 
116 113 61 
112 12 54 
124 61 65 
134 116 56 
50 96 108 
80 120 60 
115 33 134 
66 148 85 
35 16 80 
15 44 135 
17 88 123 
78 32 142 
102 69 148 
1 147 73 
75 7 143 
85 112 58 
64 2 88 
16 112 138 
56 134 139 
45 120 61 
69 18 62 
57 49 132 
101 86 70 
10 69 116 
116 150 99 
95 78 67 
62 80 90 
58 40 139 
96 30 121 
147 74 131 
53 121 94 
14 86 128 
124 33 72 
133 7 115 
141 93 53 
20 39 139 
92 103 97 
125 126 106 
50 116 96 
147 75 148 
73 39 88 
110 24 54 
43 88 95 
3 83 51 
132 64 86 
13 4 138 
21 97 86 
44 1 75 
31 107 72 
70 37 62 
77 69 57 
76 109 89 
110 109 143 
141 130 148 
76 30 68 
115 10 96 
9 127 106 
122 15 141 
122 108 126 
86 25 135 
8 44 135 
22 74 128 
88 47 146 
119 92 90 
94 78 129 
88 34 133 
54 62 122 
113 76 67 
6 35 122 
141 124 115 
13 114 121 
38 131 112 
137 27 143 
137 136 142 
34 149 146 
89 141 118 
105 90 64 
65 88 78 
131 98 50 
59 105 77 
144 113 127 
103 24 54 
47 87 84 
12 48 77 
124 77 67 
105 35 59 
38 125 102 
52 28 76 
109 65 116 
147 146 74 
77 73 83 
149 15 102 
70 63 124 
46 100 59 
12 34 94 
32 16 122 
50 23 95 
24 136 115 
105 66 56 
21 139 142 
47 66 74 
134 114 61 
127 15 103 
143 49 128 
107 132 71 
54 113 104 
9 106 90 
77 124 83 
27 99 87 
41 46 53 
144 36 145 
126 7 88 
56 67 107 
84 65 128 
1 142 106 
144 78 90 
17 82 97 
127 59 68 
77 68 132 
140 49 88 
44 71 77 
69 67 71 
6 65 149 
7 128 108 
144 3 133 
24 87 133 
136 124 114 
94 27 55 
96 43 126 
25 44 51 
40 29 79 
6 33 130 
75 11 65 
97 12 93 
141 27 73 
39 135 77 
37 105 139 
10 90 102 
71 125 109 
46 22 145 
6 52 94 
147 121 119 
100 93 129 
62 123 105 
133 134 98 
59 63 125 
114 46 138 
8 140 57 
26 121 84 
90 96 114 
49 6 50 
73 30 88 
18 60 92 
96 22 82 
45 94 61 
150 29 130 
34 95 66 
119 19 62 
90 88 60 
37 9 88 
96 136 58 
5 81 103 
84 114 137 
135 124 100 
35 98 56 
47 29 106 
114 34 51 
120 147 114 
31 30 94 
133 73 71 
7 114 76 
47 6 92 
19 80 63 
32 6 87 
121 76 77 
145 4 83 
66 9 94 
48 81 70 
114 69 64 
81 65 66 
140 80 67 
143 57 123 
81 36 89 
100 4 70 
105 49 86 
20 150 70 
103 104 134 
92 142 120 
99 35 60 
101 52 88 
131 102 148 
34 132 65 
50 75 89 
72 95 134 
89 69 67 
119 60 108 
18 145 50 
44 57 147 
112 71 106 
133 53 69 
14 73 92 
118 136 90 
23 98 113 
116 90 113 
80 101 109 
88 56 70 
123 44 77 
47 143 139 
24 35 146 
114 10 127 
108 50 88 
132 67 136 
32 122 102 
70 78 56 
84 58 94 
143 130 67 
138 77 61 
129 70 62 
90 74 85 
82 55 111 
102 135 98 
100 28 108 
28 32 127 
145 70 80 
60 124 120 
100 46 97 
73 57 85 
148 55 136 
85 104 117 
78 126 85 
64 101 88 
24 81 53 
57 101 118 
128 79 62 
2 140 66 
144 75 62 
138 39 71 
102 52 100 
119 141 72 
89 124 59 
5 124 59 
99 66 114 
116 62 89 
127 142 82 
35 140 117 
86 64 149 
56 21 90 
42 144 102 
48 55 53 
73 92 129 
140 75 101 
1 137 131 
10 76 109 
115 65 87 
117 10 144 
111 99 72 
79 127 145 
34 88 82 
31 29 147 
113 109 64 
16 80 145 
40 35 112 
17 91 55 
34 101 94 
115 38 125 
125 61 144 
28 2 97 
143 34 109 
75 9 82 
97 65 102 
72 62 146 
129 145 143 
109 97 131 
45 44 53 
71 97 84 
45 84 111 
149 141 92 
147 35 119 
31 61 108 
42 13 91 
115 145 143 
57 29 65 
31 37 86 
105 13 111 
87 23 98 
97 122 122 
2
4
6
8
10
12
14
16
18
20
22
24
26
28
30
32
34
36
38
40