100 300 20
225 20
12 62 138 
98 95 91 
95 53 95 
69 1 149 
94 29 113 
11 58 81 
23 48 69 
16 44 75 
3 15 65 
29 19 70 
2 83 101 
51 98 128 
39 61 82 
62 91 100 
85 35 121 
70 11 118 
75 53 127 
56 81 93 
20 8 88 
44 54 74 
16 96 86 
25 68 132 
91 73 129 
71 47 87 
45 68 90 
67 39 63 
2 29 78 
42 89 126 
9 53 114 
60 54 101 
43 70 118 
87 88 118 
30 79 135 
34 27 93 
95 71 50 
90 98 79 
26 53 144 
15 90 125 
40 32 146 
83 36 122 
83 23 99 
83 90 128 
96 75 92 
40 66 117 
19 87 75 
6 28 70 
63 49 67 
51 10 71 
50 22 94 
13 85 51 
43 24 54 
6 84 72 
59 56 50 
42 64 120 
93 40 100 
50 73 123 
80 33 107 
52 90 72 
95 78 62 
4 25 65 
34 90 72 
75 17 56 
68 9 128 
96 13 81 
87 66 128 
84 48 105 
10 14 113 
44 39 134 
40 85 137 
31 75 102 
60 62 119 
5 36 125 
7 63 79 
90 27 120 
14 31 108 
71 98 89 
39 71 127 
72 67 110 
41 66 125 
26 74 128 
15 73 121 
47 90 132 
82 83 79 
78 3 122 
63 1 79 
83 51 142 
19 97 51 
9 86 147 
2 86 91 
82 16 78 
82 44 57 
3 60 100 
77 67 94 
56 76 74 
94 53 83 
8 49 137 
32 42 124 
63 74 72 
57 34 139 
28 64 74 
66 73 119 
31 44 60 
29 27 75 
37 13 123 
74 83 130 
84 10 50 
14 36 75 
66 100 129 
97 78 69 
97 5 84 
43 63 141 
100 70 94 
48 17 145 
75 14 132 
50 60 137 
36 39 65 
83 53 89 
4 52 74 
42 76 83 
1 34 75 
59 55 79 
35 92 57 
51 24 148 
22 98 107 
78 87 111 
14 100 56 
14 97 100 
27 57 132 
3 13 103 
87 28 147 
32 26 58 
26 5 146 
73 19 54 
52 100 57 
38 12 61 
51 8 88 
51 16 130 
40 38 114 
20 11 112 
78 44 124 
56 94 124 
49 15 101 
77 85 77 
58 27 139 
57 5 119 
51 41 61 
69 77 143 
93 20 64 
86 43 79 
41 87 91 
40 99 134 
90 37 149 
10 42 116 
13 24 68 
60 95 123 
46 35 79 
10 79 85 
78 67 99 
42 16 143 
58 68 116 
51 31 147 
29 40 96 
14 88 144 
55 47 145 
25 54 138 
67 61 100 
29 50 116 
47 74 143 
35 10 84 
45 2 113 
49 35 86 
17 5 120 
90 6 104 
77 65 57 
53 89 147 
61 31 103 
100 17 137 
53 68 64 
99 51 99 
93 69 79 
21 94 105 
79 31 144 
69 26 79 
82 5 93 
95 5 76 
62 35 105 
77 4 127 
14 71 55 
13 66 61 
68 17 92 
80 88 126 
82 32 110 
92 42 125 
61 1 82 
68 77 114 
47 65 78 
16 13 60 
85 49 133 
18 35 129 
65 51 56 
33 74 126 
52 46 121 
36 40 52 
98 68 105 
8 39 133 
49 63 115 
53 36 107 
68 74 61 
57 67 127 
48 78 73 
53 13 130 
35 6 106 
98 25 141 
24 27 57 
17 37 138 
89 49 53 
49 14 81 
66 31 76 
33 75 97 
50 94 94 
67 10 108 
5 93 103 
96 90 73 
47 39 113 
5 39 79 
59 88 99 
15 85 135 
71 60 125 
1 61 143 
50 59 87 
68 33 69 
87 71 123 
66 16 82 
6 42 105 
51 15 102 
87 48 139 
37 26 148 
23 34 118 
88 42 105 
52 22 74 
23 14 63 
28 10 86 
64 46 53 
92 34 101 
76 81 72 
7 86 57 
32 54 99 
83 100 96 
53 61 75 
71 54 53 
97 43 149 
2 47 124 
17 20 110 
53 81 134 
52 15 66 
93 62 98 
44 80 149 
96 81 72 
3 43 53 
31 18 94 
47 18 113 
89 69 123 
93 10 139 
46 93 93 
95 8 138 
17 50 126 
16 5 142 
28 21 91 
12 88 63 
87 97 105 
19 62 55 
95 60 123 
12 76 100 
85 20 53 
8 51 59 
2 51 84 
3 50 64 
13 55 63 
16 40 99 
16 97 95 
34 30 96 
88 99 138 
72 65 136 
86 90 102 
63 94 96 
44 40 134 
84 79 139 
91 14 100 
63 46 148 
4 90 52 
33 96 89 
10 87 69 
97 36 138 
8 56 73 
42 3 64 
72 59 50 
57 82 73 
81 44 122 
21 93 61 
80 65 72  
2
4
6
8
10
12
14
16
18
20
22
24
26
28
30
32
34
36
38
40